#! FIELDS d1.z file.free der_d1.z
#! SET min_d1.z -0.293126
#! SET max_d1.z 1.66711
#! SET nbins_d1.z  556
#! SET periodic_d1.z false
   -0.293126000  310.514066973   -0.000000000
   -0.289594043  310.500456599   -7.509798227
   -0.286062086  310.433865257  -34.950150823
   -0.282530130  310.216783511  -96.533094638
   -0.278998173  309.659227335 -235.535679579
   -0.275466216  308.416781491 -492.325294566
   -0.271934259  305.987445985 -912.165947493
   -0.268402303  301.769367049 -1503.281725654
   -0.264870346  295.216999393 -2216.400225872
   -0.261338389  286.086106465 -2944.161983366
   -0.257806432  274.592155678 -3529.903417266
   -0.254274476  261.452956755 -3862.046700968
   -0.250742519  247.658882554 -3906.259072457
   -0.247210562  234.137936603 -3722.364439981
   -0.243678605  221.477514451 -3442.930672936
   -0.240146649  209.789409116 -3186.019838220
   -0.236614692  198.851150049 -3027.175048704
   -0.233082735  188.282258795 -2972.952793760
   -0.229550778  177.787118362 -2975.924058933
   -0.226018822  167.273819212 -2972.659103538
   -0.222486865  156.844661747 -2923.323502095
   -0.218954908  146.679920590 -2819.975775579
   -0.215422951  136.975547146 -2670.663382415
   -0.211890995  127.827542078 -2514.712461113
   -0.208359038  119.182792829 -2384.992536542
   -0.204827081  110.947992490 -2284.024174920
   -0.201295124  103.030912542 -2200.819168106
   -0.197763168   95.392930507 -2125.619273404
   -0.194231211   88.025844983 -2043.851093362
   -0.190699254   80.949779187 -1962.287819699
   -0.187167297   74.187838688 -1864.274740179
   -0.183635341   67.799910557 -1751.209482253
   -0.180103384   61.820523830 -1636.472943816
   -0.176571427   56.251833837 -1520.250800953
   -0.173039470   51.055772085 -1425.951832285
   -0.169507514   46.172655679 -1338.944854884
   -0.165975557   41.589097696 -1253.665949196
   -0.162443600   37.332480419 -1156.049976510
   -0.158911643   33.437958469 -1052.224868840
   -0.155379686   29.909520123 -949.894439538
   -0.151847730   26.713218891 -859.431071088
   -0.148315773   23.843378509 -764.906855277
   -0.144783816   21.322255485 -661.045073587
   -0.141251859   19.154723533 -565.904923815
   -0.137719903   17.317685706 -473.306250014
   -0.134187946   15.810866241 -381.486889798
   -0.130655989   14.624721174 -290.771416517
   -0.127124032   13.749096715 -206.340670790
   -0.123592076   13.163329313 -132.138096246
   -0.120060119   12.765931280  -98.378883300
   -0.116528162   12.412377313 -108.489124463
   -0.112996205   11.968091785 -142.587678789
   -0.109464249   11.414784876 -163.968404272
   -0.105932292   10.844913696 -154.423815397
   -0.102400335   10.340347176 -130.959823127
   -0.098868378    9.888800912 -127.259513941
   -0.095336422    9.432528249 -137.789857680
   -0.091804465    8.914249130 -154.431360951
   -0.088272508    8.334606288 -170.412632911
   -0.084740551    7.741557416 -164.349559368
   -0.081208595    7.184380440 -147.581451930
   -0.077676638    6.683050818 -138.154373058
   -0.074144681    6.197924224 -138.970771824
   -0.070612724    5.683985392 -149.706841930
   -0.067080768    5.144055221 -152.433948848
   -0.063548811    4.617191885 -145.911355875
   -0.060016854    4.125808055 -133.215577108
   -0.056484897    3.680676977 -122.013168764
   -0.052952941    3.262074865 -116.053127828
   -0.049420984    2.856338520 -111.625154465
   -0.045889027    2.466032496 -109.331380494
   -0.042357070    2.083888904 -102.027376567
   -0.038825114    1.745926047  -89.790669474
   -0.035293157    1.438776747  -85.002271070
   -0.031761200    1.142170878  -81.731161187
   -0.028229243    0.846547472  -80.319587767
   -0.024697286    0.597609470  -63.747471663
   -0.021165330    0.405856954  -46.391045744
   -0.017633373    0.246550013  -40.087382163
   -0.014101416    0.124035930  -28.395910732
   -0.010569459    0.044535526  -15.765190405
   -0.007037503    0.013044523   -2.598328430
   -0.003505546    0.022943582    0.390672026
    0.000026411    0.019835195   -3.686258059
    0.003558368    0.001427194   -5.427303783
    0.007090324    0.000000000    7.675401777
    0.010622281    0.078301605   36.946798459
    0.014154238    0.264709325   64.750494566
    0.017686195    0.513830559   74.554363589
    0.021218151    0.761931148   64.467054220
    0.024750108    0.961962738   54.348195061
    0.028282065    1.175895107   71.762566981
    0.031814022    1.481527224   99.223696566
    0.035345978    1.865498714  117.448438317
    0.038877935    2.276976229  115.110237305
    0.042409892    2.652300887  101.107304602
    0.045941849    3.007815057  100.738997526
    0.049473805    3.386814792  116.416361711
    0.053005762    3.840486406  140.134216448
    0.056537719    4.371114318  158.514608999
    0.060069676    4.925582309  155.659074049
    0.063601632    5.481439057  156.970334984
    0.067133589    6.027391749  151.553245237
    0.070665546    6.567595528  156.090271059
    0.074197503    7.135519674  167.229334039
    0.077729459    7.743930564  176.545598797
    0.081261416    8.388427421  186.885149729
    0.084793373    9.059641140  189.099882335
    0.088325330    9.699576767  173.852315497
    0.091857286   10.282475793  158.777719040
    0.095389243   10.827594408  154.434319946
    0.098921200   11.399361234  169.801653172
    0.102453157   12.031684004  184.581115341
    0.105985114   12.690562499  186.913603159
    0.109517070   13.322658734  170.564152627
    0.113049027   13.881528627  149.194471012
    0.116580984   14.393259588  143.116461614
    0.120112941   14.900360320  147.560698179
    0.123644897   15.422492717  143.837295356
    0.127176854   15.922538897  138.039098124
    0.130708811   16.372444826  119.937890658
    0.134240768   16.773159881  107.832672953
    0.137772724   17.150636461  104.009646173
    0.141304681   17.522653166  108.996275767
    0.144836638   17.903501142  104.624621060
    0.148368595   18.240713051   88.494064491
    0.151900551   18.530262082   74.404720053
    0.155432508   18.795759342   74.869668092
    0.158964465   19.059587821   75.169187367
    0.162496422   19.316978897   68.972137960
    0.166028378   19.516050010   44.338856417
    0.169560335   19.639387894   24.412339208
    0.173092292   19.713790438   19.388249060
    0.176624249   19.800697767   31.599021013
    0.180156205   19.941555921   45.105046361
    0.183688162   20.104855231   43.116353798
    0.187220119   20.229594401   26.849126409
    0.190752076   20.290272934   12.925456860
    0.194284032   20.332232365   12.175436940
    0.197815989   20.404406812   29.026222955
    0.201347946   20.502898405   26.614863266
    0.204879903   20.579792089   18.651881793
    0.208411859   20.630824258    9.451329709
    0.211943816   20.661667215   11.381755402
    0.215475773   20.711285979   18.202576481
    0.219007730   20.770055007   18.372945133
    0.222539686   20.821008161    8.596511504
    0.226071643   20.839275323    4.575257164
    0.229603600   20.845650712    1.873744071
    0.233135557   20.866084543    8.230229000
    0.236667514   20.899494255   13.492883519
    0.240199470   20.938732224    2.507483463
    0.243731427   20.940194220   -0.176415683
    0.247263384   20.936138316   -0.379785633
    0.250795341   20.951249002    9.493180308
    0.254327297   20.993997406   11.790539131
    0.257859254   21.032171160    7.270733683
    0.261391211   21.053795477    7.549861901
    0.264923168   21.072309518   -1.267320464
    0.268455124   21.078958243    4.765817271
    0.271987081   21.102984950    7.131465485
    0.275519038   21.135524660    9.510214953
    0.279050995   21.150420668    1.333491836
    0.282582951   21.133050229  -10.376327544
    0.286114908   21.098310130  -11.055913596
    0.289646865   21.065545714   -2.398851369
    0.293178822   21.067973851    3.236257116
    0.296710778   21.097270457   13.068069112
    0.300242735   21.142596372   11.075564256
    0.303774692   21.166886606    3.152444324
    0.307306649   21.158453408   -6.160667718
    0.310838605   21.132609885   -9.406033303
    0.314370562   21.121095316    1.210270819
    0.317902519   21.132236767    5.281122647
    0.321434476   21.162170319    7.813155496
    0.324966432   21.173865856   -1.208721679
    0.328498389   21.163879506   -6.517186951
    0.332030346   21.146228056   -5.741001940
    0.335562303   21.119891909  -12.781988255
    0.339094259   21.094759990   -3.498382037
    0.342626216   21.092051918   -0.482002607
    0.346158173   21.089611783   -3.863041604
    0.349690130   21.071729708   -4.049264933
    0.353222086   21.048951638  -10.575173100
    0.356754043   21.013328726  -12.072678706
    0.360286000   20.988646766   -4.125923904
    0.363817957   20.982432303    0.580284595
    0.367349914   20.994273638    1.990303832
    0.370881870   20.980493717   -8.948763806
    0.374413827   20.931620946  -17.223242669
    0.377945784   20.860558197  -17.525847247
    0.381477741   20.832383311    1.058241558
    0.385009697   20.871988545   19.202499361
    0.388541654   20.942676961   15.034751278
    0.392073611   20.977796664   -1.501429394
    0.395605568   20.942566658  -15.167536591
    0.399137524   20.884747410  -14.731450405
    0.402669481   20.849798619   -6.133769387
    0.406201438   20.845826676   -1.983663641
    0.409733395   20.833230833  -10.691349169
    0.413265351   20.770929703  -23.588604464
    0.416797308   20.671077969  -28.303066390
    0.420329265   20.596214980  -13.814408421
    0.423861222   20.570511230   -1.171678579
    0.427393178   20.585379628    4.553784236
    0.430925135   20.595653771   -6.638164786
    0.434457092   20.543537406  -21.963486954
    0.437989049   20.454448245  -32.614709494
    0.441521005   20.338762488  -31.835314966
    0.445052962   20.240328216  -23.525105156
    0.448584919   20.185602118   -5.233091408
    0.452116876   20.181138630    1.143832064
    0.455648832   20.176243546   -5.413993918
    0.459180789   20.142223980  -13.465077535
    0.462712746   20.101589180  -10.203046650
    0.466244703   20.084172230   -1.944303075
    0.469776659   20.091529341    6.934934669
    0.473308616   20.117971799    5.076084105
    0.476840573   20.111404208   -8.866632860
    0.480372530   20.072355879  -15.282776132
    0.483904486   20.010076148  -16.671102756
    0.487436443   19.963159176   -3.813887806
    0.490968400   19.974122887    7.468550714
    0.494500357   20.013468339   11.429537963
    0.498032314   20.045609670    0.130887876
    0.501564270   20.035346230   -9.247293864
    0.505096227   20.009634682   -6.657053933
    0.508628184   20.001960190   -1.133064484
    0.512160141   19.986951001   -9.674624872
    0.515692097   19.952761688  -10.674248626
    0.519224054   19.910150589  -12.087751351
    0.522756011   19.881804620   -2.022060126
    0.526287968   19.884549273    4.444510081
    0.529819924   19.908065947   10.033955389
    0.533351881   19.928225684   -0.263739599
    0.536883838   19.898085368  -18.186569923
    0.540415795   19.839326809  -11.936018372
    0.543947751   19.816363705   -1.011891337
    0.547479708   19.838241795    9.026303578
    0.551011665   19.865150196    1.065189517
    0.554543622   19.840448092  -16.136035386
    0.558075578   19.765778027  -18.414049039
    0.561607535   19.721886152   -4.303296379
    0.565139492   19.734523802    8.013982205
    0.568671449   19.765839057    2.306980043
    0.572203405   19.744801367  -15.829596547
    0.575735362   19.678024509  -22.300724049
    0.579267319   19.628545852   -1.497089448
    0.582799276   19.660659166   21.950342591
    0.586331232   19.774863590   35.757520248
    0.589863189   19.877977312   18.232898154
    0.593395146   19.917626974    2.022432584
    0.596927103   19.877072145  -19.769765095
    0.600459059   19.810057277  -14.067538905
    0.603991016   19.769454691  -12.076173213
    0.607522973   19.715922265  -18.230677350
    0.611054930   19.651866910  -17.597155116
    0.614586886   19.596971385   -9.972419890
    0.618118843   19.599380898   10.675445686
    0.621650800   19.652908766   20.858007494
    0.625182757   19.730305195   17.808927809
    0.628714714   19.750572441   -6.046157500
    0.632246670   19.706235397  -19.757058186
    0.635778627   19.642721860  -14.328227054
    0.639310584   19.628640679    6.178589741
    0.642842541   19.664033008   14.150533019
    0.646374497   19.700681067    5.300620686
    0.649906454   19.682114711  -14.560283702
    0.653438411   19.620146126  -16.053096167
    0.656970368   19.580408011   -2.927546198
    0.660502324   19.597760428   13.485506365
    0.664034281   19.656136936   17.563784953
    0.667566238   19.700295882    7.911754842
    0.671098195   19.705348363   -1.225365060
    0.674630151   19.697859899    0.225337140
    0.678162108   19.720033271   11.847731917
    0.681694065   19.785014719   20.104388337
    0.685226022   19.848831117   15.922224161
    0.688757978   19.880607919    0.940416813
    0.692289935   19.849640143  -16.260536116
    0.695821892   19.785511628  -21.105752462
    0.699353849   19.712104886  -16.511900872
    0.702885805   19.669521806   -7.606551735
    0.706417762   19.644870303   -3.273683526
    0.709949719   19.623926501   -5.932787351
    0.713481676   19.614309745    3.458921505
    0.717013632   19.642719963   13.943949746
    0.720545589   19.702547299   16.701166332
    0.724077546   19.749817096    6.001667400
    0.727609503   19.747247861   -6.970328267
    0.731141459   19.704247696  -12.045252257
    0.734673416   19.663095333   -7.542363749
    0.738205373   19.653741272    3.697098205
    0.741737330   19.686040670   14.802263791
    0.745269286   19.746942169   19.487174306
    0.748801243   19.794678759    2.526300777
    0.752333200   19.786570481   -7.141611878
    0.755865157   19.744780053  -11.326693637
    0.759397114   19.723687842   -0.982216376
    0.762929070   19.734314677    7.317209499
    0.766461027   19.769996100    7.967636139
    0.769992984   19.783302936   -1.630401112
    0.773524941   19.747568326  -16.420812357
    0.777056897   19.682006489  -19.350731798
    0.780588854   19.634976262   -5.497843384
    0.784120811   19.636593871    7.536386355
    0.787652768   19.652676883    3.627775820
    0.791184724   19.650032815   -9.058830371
    0.794716681   19.599944178  -16.191739453
    0.798248638   19.563720991   -6.418788079
    0.801780595   19.564556334    9.359355845
    0.805312551   19.618735652   16.412795286
    0.808844508   19.672994340   11.540052340
    0.812376465   19.691914197   -2.571827651
    0.815908422   19.680948946   -3.062365960
    0.819440378   19.679273880    2.032411304
    0.822972335   19.719524816   18.467216500
    0.826504292   19.783035836   17.245063580
    0.830036249   19.826318849    0.982004659
    0.833568205   19.790801748  -16.901197188
    0.837100162   19.704739129  -28.242919878
    0.840632119   19.616889439  -18.939114251
    0.844164076   19.588111352    3.325507049
    0.847696032   19.633295573   18.294451774
    0.851227989   19.709861110   12.974806588
    0.854759946   19.714128674   -7.894285248
    0.858291903   19.658209701  -18.515488603
    0.861823859   19.604200447   -7.786653689
    0.865355816   19.611585862   15.355746697
    0.868887773   19.692266912   24.189287886
    0.872419730   19.761087370   12.665365475
    0.875951686   19.763197016  -12.423642219
    0.879483643   19.695300035  -26.424388644
    0.883015600   19.613149450  -17.805789195
    0.886547557   19.578542231   -2.483610186
    0.890079514   19.577115518    1.067087491
    0.893611470   19.577041242   -2.953621720
    0.897143427   19.555642209   -7.733256757
    0.900675384   19.539384911   -3.011683212
    0.904207341   19.559579488   12.499531157
    0.907739297   19.614771000   14.407051306
    0.911271254   19.649100066    6.012043604
    0.914803211   19.649014854   -5.399137868
    0.918335168   19.627053766   -2.897719998
    0.921867124   19.634916349    4.087913545
    0.925399081   19.670180806   14.574867389
    0.928931038   19.728387245   14.392299255
    0.932462995   19.748618665   -5.480781447
    0.935994951   19.689645351  -23.472463789
    0.939526908   19.600244285  -24.715481464
    0.943058865   19.527102311  -12.459668129
    0.946590822   19.526266968   12.619220967
    0.950122778   19.598826982   20.831574533
    0.953654735   19.663380318   13.592659763
    0.957186692   19.678183367   -6.003443506
    0.960718649   19.648478646   -8.227693754
    0.964250605   19.643755828    9.550037632
    0.967782562   19.699016303   22.173909824
    0.971314519   19.768954811   14.819303215
    0.974846476   19.777491954  -13.280963320
    0.978378432   19.690382682  -35.692029325
    0.981910389   19.566197941  -25.419201293
    0.985442346   19.534664099    6.765708286
    0.988974303   19.614399243   31.601209117
    0.992506259   19.702078586   14.865869895
    0.996038216   19.700877765  -18.781971060
    0.999570173   19.610196372  -31.041276377
    1.003102130   19.522407031  -13.257657025
    1.006634086   19.527813656   17.635436756
    1.010166043   19.617717573   26.053564259
    1.013698000   19.686585401   13.302299444
    1.017229957   19.697126194   -4.495351116
    1.020761914   19.648013364  -16.115781860
    1.024293870   19.614849923   -3.090258245
    1.027825827   19.626768355    7.014261224
    1.031357784   19.659972258   10.523738452
    1.034889741   19.672545971   -0.880036321
    1.038421697   19.660950920   -2.255791872
    1.041953654   19.671788456    9.826171570
    1.045485611   19.733511818   22.067890285
    1.049017568   19.804522122   15.881965850
    1.052549524   19.815453990   -3.771981288
    1.056081481   19.773007044  -20.222694464
    1.059613438   19.701862446  -16.597193173
    1.063145395   19.658138118   -4.704843411
    1.066677351   19.663922753    4.896425925
    1.070209308   19.676788090   -1.986790815
    1.073741265   19.665366982   -9.906813924
    1.077273222   19.627176660  -11.703145868
    1.080805178   19.595875228   -5.934450323
    1.084337135   19.603184728   12.577492273
    1.087869092   19.674442740   27.445338187
    1.091401049   19.768769936   24.956642843
    1.094933005   19.822091262   -1.593237727
    1.098464962   19.762644920  -32.330159962
    1.101996919   19.632144546  -35.769381814
    1.105528876   19.528079497  -11.873835455
    1.109060832   19.553615072   24.536902304
    1.112592789   19.671447846   32.690446608
    1.116124746   19.763193174   10.791681446
    1.119656703   19.752610569  -18.759105708
    1.123188659   19.649195894  -28.820711690
    1.126720616   19.560355887  -16.121633395
    1.130252573   19.555728347   11.202416672
    1.133784530   19.613231607   19.173381897
    1.137316486   19.646181089   -3.425437473
    1.140848443   19.568482259  -35.097481964
    1.144380400   19.453407224  -26.300771738
    1.147912357   19.435707574   16.329797277
    1.151444314   19.560543964   51.838682025
    1.154976270   19.751860327   51.153711849
    1.158508227   19.874848940   13.396159460
    1.162040184   19.839288742  -30.832477071
    1.165572141   19.715322676  -31.904415500
    1.169104097   19.662869930    3.401957494
    1.172636054   19.738504131   33.670903978
    1.176168011   19.853186097   27.606494005
    1.179699968   19.879793131  -12.692318419
    1.183231924   19.780341470  -40.199028083
    1.186763881   19.648030549  -32.606535857
    1.190295838   19.596654095   -0.858056486
    1.193827795   19.646511832   26.187472648
    1.197359751   19.729132798   14.648502959
    1.200891708   19.739647338  -10.225503364
    1.204423665   19.680714525  -17.862316812
    1.207955622   19.635681286   -3.822838437
    1.211487578   19.667202867   23.112090522
    1.215019535   19.778014677   34.166853388
    1.218551492   19.860339700    9.169108273
    1.222083449   19.842643750  -16.783713571
    1.225615405   19.755259245  -25.328100949
    1.229147362   19.679057064  -15.370518435
    1.232679319   19.662966428    0.093942293
    1.236211276   19.676330723    3.689642710
    1.239743232   19.676277719   -6.561092447
    1.243275189   19.639708417  -11.432209189
    1.246807146   19.598245711   -5.310140435
    1.250339103   19.609001329   12.873913196
    1.253871059   19.690666699   30.028342794
    1.257403016   19.778713007   15.634193862
    1.260934973   19.805405358   -2.865482220
    1.264466930   19.786366092   -5.545425666
    1.267998886   19.772794224   -1.204836618
    1.271530843   19.778783385    5.041894226
    1.275062800   19.793863022    4.192630475
    1.278594757   19.799049704   -0.707061485
    1.282126714   19.803905217    3.728625532
    1.285658670   19.809403707    1.290740550
    1.289190627   19.803661253   -4.015322144
    1.292722584   19.775661493  -10.073784272
    1.296254541   19.733095725  -11.854167490
    1.299786497   19.708905502   -0.988408852
    1.303318454   19.740424842   16.494676779
    1.306850411   19.816502491   21.941839105
    1.310382368   19.881998791    8.636283774
    1.313914324   19.868713264  -17.056227696
    1.317446281   19.788026262  -23.214754740
    1.320978238   19.724151944  -10.800930695
    1.324510195   19.719414363    8.432805704
    1.328042151   19.750332583    6.575931844
    1.331574108   19.767825552    2.133797252
    1.335106065   19.755694934   -8.242717581
    1.338638022   19.725019549  -10.050657000
    1.342169978   19.704038882   -1.802226217
    1.345701935   19.718266076    9.346080439
    1.349233892   19.754582382    9.517443297
    1.352765849   19.778295965    3.233006504
    1.356297805   19.762938811   -7.096654919
    1.359829762   19.725458945  -12.836768389
    1.363361719   19.677929398   -8.313967040
    1.366893676   19.674448340    2.547939362
    1.370425632   19.702548624    6.477354282
    1.373957589   19.724979379    4.199818993
    1.377489546   19.730235128   -2.261374308
    1.381021503   19.725896693   -1.780737607
    1.384553459   19.734194516    7.084220302
    1.388085416   19.784763570   14.575102094
    1.391617373   19.824067565    4.411562624
    1.395149330   19.804222778  -15.653698424
    1.398681286   19.735487956  -18.805927993
    1.402213243   19.692281603   -4.459216488
    1.405745200   19.698778285    8.433325715
    1.409277157   19.754376220   17.288344437
    1.412809114   19.815567644   11.941786509
    1.416341070   19.856981933   12.034274940
    1.419873027   19.896575075    8.563407115
    1.423404984   19.922561555    4.075347679
    1.426936941   19.918574622   -7.801833041
    1.430468897   19.863731687  -23.640893052
    1.434000854   19.776205930  -20.415269945
    1.437532811   19.717817307  -13.060830392
    1.441064768   19.684936553   -6.847856855
    1.444596724   19.653325581   -9.274058007
    1.448128681   19.629481564   -5.482768933
    1.451660638   19.602948568   -8.523442754
    1.455192595   19.591051472    1.394116199
    1.458724551   19.615072297    9.553402514
    1.462256508   19.667141612   15.691814784
    1.465788465   19.716280865   11.798122542
    1.469320422   19.746051025    4.223525630
    1.472852378   19.743012286   -7.006197175
    1.476384335   19.721972120   -4.077034360
    1.479916292   19.712266602    0.901909743
    1.483448249   19.732921328    8.091969126
    1.486980205   19.779625916   16.123554653
    1.490512162   19.833997962   13.994216777
    1.494044119   19.876301478    9.606824747
    1.497576076   19.901595252    8.733798657
    1.501108032   19.965787451   33.919164126
    1.504639989   20.196613510  103.139590490
    1.508171946   20.740806205  208.752346296
    1.511703903   21.698994380  332.288721788
    1.515235859   23.070385708  446.431044176
    1.518767816   24.833886877  549.147279243
    1.522299773   26.931238004  640.490718320
    1.525831730   29.384033017  748.206341604
    1.529363686   32.219318725  857.325115641
    1.532895643   35.454055061  971.062349212
    1.536427600   39.064440640 1068.625279395
    1.539959557   42.991208576 1152.823151938
    1.543491514   47.220841809 1240.001585103
    1.547023470   51.789871285 1346.341287290
    1.550555427   56.748695208 1464.857685999
    1.554087384   62.129738020 1581.914421827
    1.557619341   67.893958758 1682.124919053
    1.561151297   73.982617837 1766.209977333
    1.564683254   80.369672833 1851.261444856
    1.568215211   87.070982128 1947.236464351
    1.571747168   94.139180070 2056.118843681
    1.575279124  101.592777191 2166.151311559
    1.578811081  109.451759229 2278.977538610
    1.582343038  117.689923161 2381.644442627
    1.585874995  126.275955892 2479.279023718
    1.589406951  135.205230460 2579.004651513
    1.592938908  144.512650809 2694.967151172
    1.596470865  154.254170739 2816.360152626
    1.600002822  164.377098200 2908.882579742
    1.603534778  174.761319351 2962.721531213
    1.607066735  185.263903327 2982.358773939
    1.610598692  195.862587099 3029.394512554
    1.614130649  206.768514659 3166.366956645
    1.617662605  218.385071214 3426.636704593
    1.621194562  231.070016392 3757.597827991
    1.624726519  244.840585735 4013.792830681
    1.628258476  259.129788590 4027.094706856
    1.631790432  272.888786621 3710.902468344
    1.635322389  284.989152408 3101.033550085
    1.638854346  294.601567466 2330.604640568
    1.642386303  301.465357017 1569.778267968
    1.645918259  305.849775486  945.725559777
    1.649450216  308.360725804  508.488323595
    1.652982173  309.640385485  242.635555121
    1.656514130  310.215748290   98.262515545
    1.660046086  310.431951409   33.387703369
    1.663578043  310.498475801    9.009670965
    1.667110000  310.514064704    0.810618369
