# z dG-0.293618 290.52022412259413
-0.290082508 290.50055764659413
-0.286547016 290.4330916035941
-0.283011524 290.22994704159413
-0.279476032 289.71644140459415
-0.275940541 288.58104268459414
-0.272405049 286.38313841159413
-0.268869557 282.5620071885941
-0.265334065 276.55928922359413
-0.261798573 268.00046575359414
-0.258263081 256.9251447225941
-0.254727589 243.86328265359413
-0.251192097 229.78351615359412
-0.247656605 215.77396089259412
-0.244121114 202.66278138359414
-0.240585622 190.72364174759412
-0.23705013 179.71310357059411
-0.233514638 169.13906405859413
-0.229979146 158.59504404559414
-0.226443654 147.95480377559412
-0.222908162 137.35172628359413
-0.21937267 127.03976493359411
-0.215837178 117.21232320759412
-0.212301686 107.91713045859413
-0.208766195 99.09937591159411
-0.205230703 90.65215348259412
-0.201695211 82.48218803359413
-0.198159719 74.5667767985941
-0.194624227 66.94598352659412
-0.191088735 59.68601021659412
-0.187553243 52.81372418959412
-0.184017751 46.321828823594124
-0.180482259 40.183127877594124
-0.176946768 34.392911087594115
-0.173411276 28.968714161594114
-0.169875784 23.927102934594117
-0.166340292 19.246362396594115
-0.1628048 14.860266936594115
-0.159269308 10.751468719594115
-0.155733816 6.955439332594118
-0.152198324 3.552178028594117
-0.148662832 0.5788613255941186
-0.145127341 -2.054017252405881
-0.141591849 -4.411625599405884
-0.138056357 -6.482488772405883
-0.134520865 -8.181475446405884
-0.130985373 -9.442224331405882
-0.127449881 -10.299143321405882
-0.123914389 -10.912011654405882
-0.120378897 -11.450303909405882
-0.116843405 -11.989514378405882
-0.113307914 -12.513893433405883
-0.109772422 -13.007615554405882
-0.10623693 -13.496585813405883
-0.102701438 -14.046196051405882
-0.099165946 -14.642266814405883
-0.095630454 -15.252183604405882
-0.092094962 -15.820030143405882
-0.08855947 -16.314183728405883
-0.085023978 -16.794757183405885
-0.081488486 -17.305201495405882
-0.077952995 -17.84952295640588
-0.074417503 -18.424862087405884
-0.070882011 -18.965898023405884
-0.067346519 -19.459624192405883
-0.063811027 -19.923269158405883
-0.060275535 -20.402965064405883
-0.056740043 -20.898381112405882
-0.053204551 -21.385612186405883
-0.049669059 -21.818371990405883
-0.046133568 -22.208963231405882
-0.042598076 -22.60004482440588
-0.039062584 -22.99717409640588
-0.035527092 -23.38012571440588
-0.0319916 -23.709940291405882
-0.028456108 -23.959485296405884
-0.024920616 -24.16275457940588
-0.021385124 -24.35825811140588
-0.017849632 -24.547017927405882
-0.014314141 -24.715656255405882
-0.010778649 -24.816681781405883
-0.007243157 -24.842016030405883
-0.003707665 -24.84068624940588
-0.000172173 -24.84203761040588
0.003363319 -24.846013942405882
0.006898811 -24.82211930540588
0.010434303 -24.734871392405882
0.013969795 -24.594600643405883
0.017505286 -24.422164885405884
0.021040778 -24.204108546405884
0.02457627 -23.938642481405882
0.028111762 -23.63915649540588
0.031647254 -23.314826987405883
0.035182746 -22.974310685405882
0.038718238 -22.609407164405884
0.04225373 -22.20774211040588
0.045789222 -21.760421636405884
0.049324714 -21.29516744940588
0.052860205 -20.84174738940588
0.056395697 -20.38797049740588
0.059931189 -19.888268210405883
0.063466681 -19.319296446405883
0.067002173 -18.714500071405883
0.070537665 -18.125794644405882
0.074073157 -17.54484013940588
0.077608649 -16.957571824405882
0.081144141 -16.317360463405883
0.084679632 -15.643170350405882
0.088215124 -14.958321782405882
0.091750616 -14.289837456405882
0.095286108 -13.649921681405882
0.0988216 -13.007131372405881
0.102357092 -12.335216304405883
0.105892584 -11.631069457405882
0.109428076 -10.929285397405883
0.112963568 -10.248054066405883
0.116499059 -9.575484833405882
0.120034551 -8.935840984405882
0.123570043 -8.31365470340588
0.127105535 -7.702615114405884
0.130641027 -7.082492032405881
0.134176519 -6.438374748405881
0.137712011 -5.764892078405882
0.141247503 -5.080544279405881
0.144782995 -4.4192286184058815
0.148318486 -3.8185154884058825
0.151853978 -3.2565434524058823
0.15538947 -2.710518439405881
0.158924962 -2.1426500154058807
0.162460454 -1.5713792854058823
0.165995946 -1.0262052504058836
0.169531438 -0.5287554464058815
0.17306693 -0.072008226405881
0.176602422 0.39456523859411874
0.180137914 0.8956560795941186
0.183673405 1.4185415805941162
0.187208897 1.9218069095941175
0.190744389 2.3856984245941177
0.194279881 2.8323092815941173
0.197815373 3.2837946515941177
0.201350865 3.7440887005941192
0.204886357 4.200204885594118
0.208421849 4.628475482594119
0.211957341 5.000159457594119
0.215492832 5.324173228594116
0.219028324 5.619815353594117
0.222563816 5.920956947594117
0.226099308 6.2264928755941185
0.2296348 6.517522397594117
0.233170292 6.767340475594118
0.236705784 6.983572655594116
0.240241276 7.203166571594117
0.243776768 7.46000333659412
0.247312259 7.758509067594119
0.250847751 8.05167220659412
0.254383243 8.258216814594121
0.257918735 8.38691004559412
0.261454227 8.51180029559412
0.264989719 8.713025807594114
0.268525211 8.975676155594115
0.272060703 9.218989451594119
0.275596195 9.36004224459412
0.279131686 9.39261612859412
0.282667178 9.40867930959412
0.28620267 9.501387276594116
0.289738162 9.667602341594119
0.293273654 9.807058824594115
0.296809146 9.807602776594116
0.300344638 9.70050934359412
0.30388013 9.61453443859412
0.307415622 9.63462744759412
0.310951114 9.72277991659412
0.314486605 9.767063488594118
0.318022097 9.713224530594118
0.321557589 9.587713063594116
0.325093081 9.470786412594116
0.328628573 9.416276230594114
0.332164065 9.387918814594116
0.335699557 9.330228330594117
0.339235049 9.229784526594116
0.342770541 9.11119050259412
0.346306032 9.00724304659412
0.349841524 8.902678774594115
0.353377016 8.765626186594119
0.356912508 8.585393997594117
0.360448 8.383486644594115
0.363983492 8.19308641859412
0.367518984 8.02062294959412
0.371054476 7.845569399594119
0.374589968 7.6416324785941185
0.378125459 7.42145153859412
0.381660951 7.205514948594114
0.385196443 7.022532628594117
0.388731935 6.861535632594119
0.392267427 6.707712928594116
0.395802919 6.555340232594119
0.399338411 6.384172192594118
0.402873903 6.190809035594118
0.406409395 5.9850101805941165
0.409944886 5.798533198594118
0.413480378 5.610803939594117
0.41701587 5.401151650594116
0.420551362 5.150905165594118
0.424086854 4.886491235594118
0.427622346 4.6381615655941175
0.431157838 4.420630044594116
0.43469333 4.221540221594118
0.438228822 4.022011119594119
0.441764314 3.8213167345941166
0.445299805 3.6457989195941174
0.448835297 3.5073465665941193
0.452370789 3.376990926594118
0.455906281 3.2123635605941168
0.459441773 2.994274882594116
0.462977265 2.743700672594116
0.466512757 2.5218077625941184
0.470048249 2.3711918455941188
0.473583741 2.2628797195941175
0.477119232 2.1610295055941187
0.480654724 2.054000566594116
0.484190216 1.9533461255941162
0.487725708 1.8901301755941162
0.4912612 1.8391738125941188
0.494796692 1.7459585505941178
0.498332184 1.6084986105941184
0.501867676 1.4721675355941173
0.505403168 1.405060716594118
0.508938659 1.3811434035941161
0.512474151 1.3421568815941178
0.516009643 1.2412585965941183
0.519545135 1.0864631485941167
0.523080627 0.9430937105941162
0.526616119 0.8624246885941176
0.530151611 0.8459299525941191
0.533687103 0.8124870255941161
0.537222595 0.7158033065941183
0.540758086 0.5923194975941186
0.544293578 0.49523108259411686
0.54782907 0.4587314325941172
0.551364562 0.4283871195941167
0.554900054 0.35018186659411654
0.558435546 0.2503154425941183
0.561971038 0.1917653005941169
0.56550653 0.20803215559411825
0.569042022 0.25060046259411806
0.572577514 0.24382147359411732
0.576113005 0.1656365685941168
0.579648497 0.08057354959411711
0.583183989 0.08534550859411638
0.586719481 0.16641101859411833
0.590254973 0.24323788659411605
0.593790465 0.2274636955941176
0.597325957 0.15016864559411758
0.600861449 0.09744107459411921
0.604396941 0.12576580059411668
0.607932432 0.20775534859411593
0.611467924 0.2512366915941193
0.615003416 0.20363447559411796
0.618538908 0.12442720859411693
0.6220744 0.09482902759411616
0.625609892 0.1204378765941172
0.629145384 0.15461226559411756
0.632680876 0.13263410359411765
0.636216368 0.05152780459411588
0.639751859 -0.036711052405880906
0.643287351 -0.0638133614058809
0.646822843 -0.046502652405880696
0.650358335 -0.008892886405881484
0.653893827 0.025271016594118123
0.657429319 0.03633930659411888
0.660964811 0.03728321259411871
0.664500303 0.05156290059411717
0.668035795 0.06715716059411747
0.671571286 0.0753573845941169
0.675106778 0.04680244759411778
0.67864227 -0.009156732405880774
0.682177762 -0.042478587405881285
0.685713254 -0.03683212440588335
0.689248746 -0.020802868405883856
0.692784238 -0.05131985840588271
0.69631973 -0.1275017994058807
0.699855222 -0.2207088394058836
0.703390714 -0.2423260814058814
0.706926205 -0.16024380140588335
0.710461697 -0.027311158405883162
0.713997189 0.06050553959411786
0.717532681 0.04463930359411705
0.721068173 -0.031136063405881487
0.724603665 -0.052166267405883815
0.728139157 0.00854440859411909
0.731674649 0.08746996659411721
0.735210141 0.11574251659411772
0.738745632 0.06343928259411769
0.742281124 -0.012978743405881232
0.745816616 -0.06258706840588246
0.749352108 -0.04182204740588347
0.7528876 0.010780472594117185
0.756423092 0.014044801594117473
0.759958584 -0.04713376340588127
0.763494076 -0.13149659340588116
0.767029568 -0.16320236040588298
0.770565059 -0.12027804740588266
0.774100551 -0.030370956405882055
0.777636043 0.02392081759411724
0.781171535 0.019454635594119196
0.784707027 0.0023355205941193447
0.788242519 -0.006496354405882698
0.791778011 0.010932283594119241
0.795313503 0.037188850594116474
0.798848995 0.032263565594117694
0.802384486 -0.002576739405881767
0.805919978 -0.024882490405882862
0.80945547 -0.005965327405881737
0.812990962 0.04066678359411924
0.816526454 0.07868206459411908
0.820061946 0.0823961365941166
0.823597438 0.05607757159411619
0.82713293 0.046286650594119294
0.830668422 0.08231441859411603
0.834203914 0.12683506959411872
0.837739405 0.14008508159411903
0.841274897 0.10071735459411713
0.844810389 0.024075490594118065
0.848345881 -0.037215121405882456
0.851881373 -0.02669893640588228
0.855416865 0.0187133735941174
0.858952357 0.0467682025941194
0.862487849 0.019758218594116528
0.866023341 -0.03764389540588198
0.869558832 -0.05433759140588279
0.873094324 -0.029776544405883953
0.876629816 0.014315079594116042
0.880165308 0.00918828259411697
0.8837008 -0.04988821840588287
0.887236292 -0.10856001440588159
0.890771784 -0.10839922240588251
0.894307276 -0.04974908840588199
0.897842768 0.011891280594117148
0.901378259 0.019530800594118602
0.904913751 -0.03362477940588349
0.908449243 -0.07742732640588201
0.911984735 -0.050800595405881666
0.915520227 0.014015092594117817
0.919055719 0.09169299159411892
0.922591211 0.12769446659411798
0.926126703 0.1168761545941166
0.929662195 0.10021828459411708
0.933197686 0.09230979259411853
0.936733178 0.09164160159411594
0.94026867 0.07143995659411928
0.943804162 0.023243776594117804
0.947339654 -0.0074463954058821
0.950875146 -0.01861383540588335
0.954410638 -0.005107297405881894
0.95794613 -0.0026607474058835123
0.961481622 -0.013183366405883135
0.965017114 -0.046498598405882774
0.968552605 -0.09041095340588257
0.972088097 -0.10846434740588151
0.975623589 -0.09215818040588175
0.979159081 -0.04226397340588406
0.982694573 -0.0067071694058817855
0.986230065 -0.03551795740588304
0.989765557 -0.07913277740588143
0.993301049 -0.08888022240588356
0.996836541 -0.04799726740588284
1.000372032 0.04089567659411841
1.003907524 0.09395905259411919
1.007443016 0.05902466259411909
1.010978508 -0.011800323405882551
1.014514 -0.05030926040588213
1.018049492 -0.028248346405881364
1.021584984 0.016689149594117936
1.025120476 0.01461735959411925
1.028655968 -0.03065247940588378
1.032191459 -0.05678645140588401
1.035726951 -0.021491628405883034
1.039262443 0.07238924759411702
1.042797935 0.14647115559411716
1.046333427 0.13568950959411907
1.049868919 0.056470023594116014
1.053404411 -0.027086384405883734
1.056939903 -0.03437543640588103
1.060475395 0.021703226594116387
1.064010886 0.05147972759411701
1.067546378 0.004388674594117958
1.07108187 -0.07701048040588176
1.074617362 -0.12278200340588086
1.078152854 -0.08431064740588212
1.081688346 0.0025795675941182594
1.085223838 0.06628506959411595
1.08875933 0.06493064659411729
1.092294822 0.011699621594118526
1.095830314 -0.04513435440588154
1.099365805 -0.07507049840588209
1.102901297 -0.07167323240588175
1.106436789 -0.05009836740588369
1.109972281 -0.0257082714058825
1.113507773 -0.011564542405881895
1.117043265 3.0807594118442694e-05
1.120578757 -0.01652187440588193
1.124114249 -0.04584814540588411
1.127649741 -0.0666760894058811
1.131185232 -0.0754904664058813
1.134720724 -0.06227165540588331
1.138256216 -0.020441826405882324
1.141791708 0.009316029594117481
1.1453272 0.011152841594118001
1.148862692 -0.015297124405883267
1.152398184 -0.0587847944058808
1.155933676 -0.07566965940588233
1.159469168 -0.03130922040588402
1.163004659 0.051919970594116904
1.166540151 0.1002299555941164
1.170075643 0.06318997559411699
1.173611135 -0.002039447405881134
1.177146627 -0.035174217405881336
1.180682119 -0.005934131405883392
1.184217611 0.031591487594116785
1.187753103 0.006124191594118145
1.191288595 -0.06701265640588261
1.194824086 -0.11499610240588254
1.198359578 -0.08302688940588254
1.20189507 0.013174917594117375
1.205430562 0.0762332025941177
1.208966054 0.05735634459411898
1.212501546 -0.025760436405882103
1.216037038 -0.07061109840588387
1.21957253 -0.03148707440588083
1.223108022 0.05426650859411808
1.226643514 0.09950218759411911
1.230179005 0.08662310859411804
1.233714497 0.03386379159411845
1.237249989 -0.012433262405881607
1.240785481 -0.03904447940588085
1.244320973 -0.04178348240588292
1.247856465 -0.03055778240588225
1.251391957 -0.02740885840588092
1.254927449 -0.049230609405881864
1.258462941 -0.0698500804058817
1.261998432 -0.05599556240588299
1.265533924 -0.017641587405883286
1.269069416 0.009901458594118395
1.272604908 0.013065682594117334
1.2761404 -0.012836286405882191
1.279675892 -0.023972796405882235
1.283211384 -0.031760505405880934
1.286746876 -0.03854618540588106
1.290282368 -0.0698422754058825
1.293817859 -0.11178938340588118
1.297353351 -0.13018241240588324
1.300888843 -0.09541002040588253
1.304424335 -0.013847887405884052
1.307959827 0.06081133259411686
1.311495319 0.07082310659411917
1.315030811 0.027786177594116168
1.318566303 -0.013829732405881145
1.322101795 -0.010505922405883439
1.325637286 0.0219886815941166
1.329172778 0.041842576594117276
1.33270827 0.025544158594119182
1.336243762 -0.02351117240588252
1.339779254 -0.07672688140588235
1.343314746 -0.09758005540588144
1.346850238 -0.08866334540588383
1.35038573 -0.04972815440588363
1.353921222 -0.012832676405881926
1.357456714 0.003832981594118934
1.360992205 0.011857246594118465
1.364527697 0.02458891959411602
1.368063189 0.062234607594117364
1.371598681 0.1238651775941193
1.375134173 0.1573225805941192
1.378669665 0.1333378915941168
1.382205157 0.04738254459411806
1.385740649 -0.025856578405882402
1.389276141 -0.014112139405881408
1.392811632 0.07101570659411749
1.396347124 0.14630083959411877
1.399882616 0.1417413725941188
1.403418108 0.06645567859411727
1.4069536 -0.01752790640588131
1.410489092 -0.04464219440588124
1.414024584 -0.023435506405881767
1.417560076 -0.00976530940588205
1.421095568 -0.025623584405881417
1.424631059 -0.07740349240588174
1.428166551 -0.12005432640588154
1.431702043 -0.12449365640588184
1.435237535 -0.10399197040588248
1.438773027 -0.05914524840588342
1.442308519 0.0075686765941185286
1.445844011 0.07592299759411603
1.449379503 0.12407921859411886
1.452914995 0.11313717359411868
1.456450486 0.07456313259411829
1.459985978 0.046581903594116625
1.46352147 0.07094356059411666
1.467056962 0.1315071165941184
1.470592454 0.17046219559411924
1.474127946 0.14497854159411716
1.477663438 0.07019183759411618
1.48119893 0.021156335594117337
1.484734422 0.04984075159411816
1.488269914 0.10780670259411806
1.491805405 0.1215770145941164
1.495340897 0.06707771659411677
1.498876389 0.009698662594118446
1.502411881 0.10335176059411921
1.505947373 0.47985902459411633
1.509482865 1.1997209195941174
1.513018357 2.311987119594118
1.516553849 3.848503721594117
1.520089341 5.8076667385941185
1.523624832 8.129919401594115
1.527160324 10.758938139594115
1.530695816 13.673417058594119
1.534231308 16.955780993594118
1.5377668 20.64957762759412
1.541302292 24.744750447594114
1.544837784 29.18405368459412
1.548373276 33.93639946459412
1.551908768 39.016726785594116
1.555444259 44.48403488359411
1.558979751 50.354814787594115
1.562515243 56.600846865594114
1.566050735 63.21169073459412
1.569586227 70.16179585959412
1.573121719 77.48478681959412
1.576657211 85.1688402245941
1.580192703 93.18312632359411
1.583728195 101.53163524259412
1.587263686 110.24188080159414
1.590799178 119.35314755359411
1.59433467 128.8664847235941
1.597870162 138.75001201459412
1.601405654 148.92697116559413
1.604941146 159.33434079959412
1.608476638 169.9786382725941
1.61201213 181.0154347865941
1.615547622 192.6762274195941
1.619083114 205.1710655905941
1.622618605 218.49757346159413
1.626154097 232.3456342195941
1.629689589 246.01585661059414
1.633225081 258.6048526305941
1.636760573 269.27663274059415
1.640296065 277.5040064165941
1.643831557 283.2470600495941
1.647367049 286.8440495385941
1.650902541 288.85692858959413
1.654438032 289.85933277359413
1.657973524 290.3005737055941
1.661509016 290.4641720895941
1.665044508 290.5113091825941
1.66858 290.52022429859414
