#! FIELDS d1.z file.free der_d1.z
#! SET min_d1.z -0.295745
#! SET max_d1.z 1.66736
#! SET nbins_d1.z  557
#! SET periodic_d1.z false
   -0.295745000  312.336896222   -0.000000000
   -0.292214236  312.326251390   -7.342442417
   -0.288683471  312.274020697  -24.694763489
   -0.285152707  312.126303921  -66.210851544
   -0.281621942  311.742448287 -160.612985682
   -0.278091178  310.885369279 -341.600052537
   -0.274560414  309.199321604 -635.227973775
   -0.271029649  306.232946796 -1069.972994799
   -0.267498885  301.502553763 -1630.268226038
   -0.263968121  294.623600526 -2273.085540369
   -0.260437356  285.465938049 -2905.532884828
   -0.256906592  274.229109607 -3433.260250575
   -0.253375827  261.458731408 -3761.590519327
   -0.249845063  247.937144115 -3857.907109718
   -0.246314299  234.430379306 -3764.679630654
   -0.242783534  221.490517038 -3556.040275494
   -0.239252770  209.333098107 -3335.131043092
   -0.235722005  197.887193286 -3160.267495088
   -0.232191241  186.946829094 -3046.619209377
   -0.228660477  176.320613228 -2976.729396646
   -0.225129712  165.907619198 -2921.151645096
   -0.221598948  155.710563665 -2850.138834707
   -0.218068183  145.819430488 -2749.039756934
   -0.214537419  136.332152266 -2623.089945060
   -0.211006655  127.292781459 -2495.519898633
   -0.207475890  118.695311698 -2377.497802592
   -0.203945126  110.475291000 -2282.233675036
   -0.200414362  102.550029778 -2211.251018621
   -0.196883597   94.862693573 -2142.889982544
   -0.193352833   87.434858336 -2057.782329322
   -0.189822068   80.365047926 -1944.884390208
   -0.186291304   73.710608792 -1823.488713693
   -0.182760540   67.489493175 -1700.595709303
   -0.179229775   61.658707048 -1601.812918567
   -0.175699011   56.132834885 -1530.999228648
   -0.172168246   50.853216206 -1458.390159751
   -0.168637482   45.839662867 -1376.515836203
   -0.165106718   41.161008436 -1272.795876275
   -0.161575953   36.875686978 -1154.618839265
   -0.158045189   33.003440349 -1041.207534221
   -0.154514424   29.511191974 -938.298305049
   -0.150983660   26.368755237 -838.827118828
   -0.147452896   23.589092600 -735.724076288
   -0.143922131   21.155527808 -643.628073957
   -0.140391367   19.038852810 -555.778040379
   -0.136860603   17.230188368 -463.819652624
   -0.133329838   15.755351337 -365.041696843
   -0.129799074   14.646660514 -264.968894174
   -0.126268309   13.862461964 -181.649127548
   -0.122737545   13.298273294 -141.726843959
   -0.119206781   12.815905065 -138.495507989
   -0.115676016   12.301100632 -151.755770790
   -0.112145252   11.754434669 -151.970865612
   -0.108614487   11.223311195 -145.383695583
   -0.105083723   10.733738689 -132.699051031
   -0.101552959   10.267766178 -134.947412713
   -0.098022194    9.756890793 -152.732380390
   -0.094491430    9.197898610 -163.539650558
   -0.090960665    8.643519161 -147.008407522
   -0.087429901    8.150309939 -133.302609931
   -0.083899137    7.695744664 -130.103540813
   -0.080368372    7.205980530 -149.895289877
   -0.076837608    6.640505909 -170.647615692
   -0.073306844    6.022188107 -170.587298127
   -0.069776079    5.469192964 -138.845696719
   -0.066245315    5.041435314 -102.871138977
   -0.062714550    4.689599412  -98.073207767
   -0.059183786    4.313884818 -117.882152742
   -0.055653022    3.852753779 -141.046922601
   -0.052122257    3.336049488 -147.507428907
   -0.048591493    2.835828217 -133.808776183
   -0.045060728    2.412089621 -108.731191138
   -0.041529964    2.068626400  -88.448624004
   -0.037999200    1.758778993  -86.649117208
   -0.034468435    1.455766192  -85.817528839
   -0.030937671    1.155432268  -84.278748911
   -0.027406906    0.867942110  -73.493810572
   -0.023876142    0.621816664  -63.002804147
   -0.020345378    0.426134931  -49.489454024
   -0.016814613    0.264629902  -38.798708199
   -0.013283849    0.144449779  -30.440137871
   -0.009753085    0.056746754  -19.608680870
   -0.006222320    0.008456541  -11.614287410
   -0.002691556    0.000000000    5.400978859
    0.000839209    0.036907608   14.721696156
    0.004369973    0.083027140   13.156660078
    0.007900737    0.140935129   20.784845794
    0.011431502    0.244460401   38.303318408
    0.014962266    0.420699439   60.498748205
    0.018493031    0.651092586   67.521294156
    0.022023795    0.880821558   60.497857305
    0.025554559    1.085385680   55.239236048
    0.029085324    1.297832347   67.991413759
    0.032616088    1.584119855   97.432389519
    0.036146853    1.973421834  121.725688396
    0.039677617    2.417199481  122.447020630
    0.043208381    2.823274550  106.140118911
    0.046739146    3.166523522   94.833649807
    0.050269910    3.517113018  107.284696905
    0.053800674    3.957504925  141.646355590
    0.057331439    4.496621322  159.078658058
    0.060862203    5.061343169  156.817346431
    0.064392968    5.577218946  138.455040775
    0.067923732    6.087077370  152.530360371
    0.071454496    6.667526067  180.053265113
    0.074985261    7.340011889  200.245057359
    0.078516025    8.054480337  196.290130086
    0.082046790    8.706670899  172.490438756
    0.085577554    9.289885970  159.882535911
    0.089108318    9.872788096  177.591986357
    0.092639083   10.529102059  194.862512765
    0.096169847   11.231387984  200.737922775
    0.099700612   11.914422376  182.645543933
    0.103231376   12.524274793  163.629791799
    0.106762140   13.094425358  162.572736556
    0.110292905   13.702548377  178.908560906
    0.113823669   14.375163450  196.913408147
    0.117354433   15.053052975  185.019368215
    0.120885198   15.648811454  148.835628204
    0.124415962   16.136822704  128.183090346
    0.127946727   16.596814014  134.222473559
    0.131477491   17.091877941  149.108395054
    0.135008255   17.621049219  151.209238595
    0.138539020   18.142694466  142.014980952
    0.142069784   18.606743689  119.139198820
    0.145600549   18.999487860  108.010828082
    0.149131313   19.381145610  105.540176010
    0.152662077   19.763440520  109.287643113
    0.156192842   20.144092026  106.629699902
    0.159723606   20.508420849  100.245952127
    0.163254371   20.840153217   90.249667096
    0.166785135   21.141148005   85.981971451
    0.170315899   21.434473832   79.516452354
    0.173846664   21.706783890   74.832824698
    0.177377428   21.966712637   71.541658707
    0.180908192   22.220661660   68.388462126
    0.184438957   22.463481890   68.611885298
    0.187969721   22.700470332   66.389947709
    0.191500486   22.922400845   56.045830574
    0.195031250   23.117225252   56.215023681
    0.198562014   23.314680161   54.156905050
    0.202092779   23.500513915   51.911128382
    0.205623543   23.671213812   44.209157410
    0.209154308   23.816169138   37.416503988
    0.212685072   23.915727733   20.668658859
    0.216215836   23.988964639   22.217991271
    0.219746601   24.087230571   31.247790506
    0.223277365   24.222730171   45.499611203
    0.226808129   24.388426414   49.904353295
    0.230338894   24.556921629   45.050338519
    0.233869658   24.713052895   41.206343623
    0.237400423   24.845581982   32.282071412
    0.240931187   24.935192761   19.148057640
    0.244461951   24.983254274   10.967795876
    0.247992716   25.020282998    8.134658195
    0.251523480   25.055151339    9.359159350
    0.255054245   25.094101380   14.666886679
    0.258585009   25.147441450   13.171595655
    0.262115773   25.186619826    9.339020969
    0.265646538   25.222335941   11.498825369
    0.269177302   25.249844031    6.085010660
    0.272708067   25.269492898    5.762015164
    0.276238831   25.291295906    7.897970362
    0.279769595   25.339209975   20.321679586
    0.283300360   25.421251257   23.575477837
    0.286831124   25.508488651   21.422398687
    0.290361888   25.573417156   13.734149913
    0.293892653   25.619179163    8.034980496
    0.297423417   25.640220684    4.154925586
    0.300954182   25.665847932   10.410493511
    0.304484946   25.712390462   14.007860589
    0.308015710   25.755040583    5.695235655
    0.311546475   25.749909548   -9.198138156
    0.315077239   25.685086919  -24.806078526
    0.318608004   25.585945865  -32.320436331
    0.322138768   25.478534026  -28.425272037
    0.325669532   25.408052545  -14.002412086
    0.329200297   25.377435744   -4.859132096
    0.332731061   25.375398992    5.589390655
    0.336261826   25.388277501    2.376368504
    0.339792590   25.376571117   -7.423868506
    0.343323354   25.351930485   -5.373681877
    0.346854119   25.320421122  -10.280349733
    0.350384883   25.293456667   -5.608038014
    0.353915647   25.274637081   -7.331892639
    0.357446412   25.224626125  -19.213159628
    0.360977176   25.152888700  -24.081165742
    0.364507941   25.062992125  -26.737713952
    0.368038705   24.960177949  -31.355324737
    0.371569469   24.859354880  -23.476967002
    0.375100234   24.790347393  -15.398902717
    0.378630998   24.752392114   -6.103579087
    0.382161763   24.718080507  -18.319180704
    0.385692527   24.637509346  -25.073946029
    0.389223291   24.549213323  -22.098401510
    0.392754056   24.496766508   -7.849004496
    0.396284820   24.488977100   -2.383904812
    0.399815585   24.473717784  -11.465097407
    0.403346349   24.395745361  -32.554752022
    0.406877113   24.246385062  -46.050337627
    0.410407878   24.082478133  -41.407736769
    0.413938642   23.982058595  -17.177604352
    0.417469406   23.934034027   -9.669145306
    0.421000171   23.906549697  -13.265125443
    0.424530935   23.830181683  -30.646135863
    0.428061700   23.696616134  -38.045189391
    0.431592464   23.588907787  -24.759182328
    0.435123228   23.538500640   -4.277511674
    0.438653993   23.534012476   -1.254101550
    0.442184757   23.509270581  -10.880135017
    0.445715522   23.443514107  -26.929578729
    0.449246286   23.337156316  -30.974932706
    0.452777050   23.221231405  -35.339985682
    0.456307815   23.114228405  -26.139212608
    0.459838579   23.025561113  -24.108739246
    0.463369344   22.944662950  -19.575706819
    0.466900108   22.898509969   -4.808964912
    0.470430872   22.897150413    0.713068136
    0.473961637   22.905691412    3.938616733
    0.477492401   22.903203461   -3.623867858
    0.481023165   22.861850020  -18.068872009
    0.484553930   22.795147060  -21.857314545
    0.488084694   22.711280091  -23.026170205
    0.491615459   22.639263996  -22.437856876
    0.495146223   22.542577578  -28.509155786
    0.498676987   22.444772118  -24.493700585
    0.502207752   22.359774547  -21.210302188
    0.505738516   22.311333303   -8.948825148
    0.509269281   22.299248058   -1.301382117
    0.512800045   22.285224852   -8.539980919
    0.516330809   22.241405375  -17.067805156
    0.519861574   22.187825006  -14.113119266
    0.523392338   22.151206935   -7.228643519
    0.526923103   22.124794371   -9.399033189
    0.530453867   22.083210035  -14.933546212
    0.533984631   22.027862553  -15.457216808
    0.537515396   21.980731613   -7.820880346
    0.541046160   21.949442610   -5.928998065
    0.544576924   21.950089765    5.111020933
    0.548107689   21.951179841   -1.534656138
    0.551638453   21.926784128   -9.633599605
    0.555169218   21.895130795   -7.766317959
    0.558699982   21.879181017    1.871325806
    0.562230746   21.890862114    3.731392280
    0.565761511   21.903973057    4.889424777
    0.569292275   21.912626115    1.165005621
    0.572823040   21.901399540   -1.234131601
    0.576353804   21.908991656    4.322942417
    0.579884568   21.919670265    0.032899605
    0.583415333   21.918707294   -6.360574619
    0.586946097   21.886578183  -11.961943994
    0.590476862   21.840000698  -16.158497250
    0.594007626   21.785315187  -17.506249373
    0.597538390   21.721679465  -13.859125094
    0.601069155   21.690172659   -4.874176313
    0.604599919   21.686053067    0.027605801
    0.608130683   21.702584015    7.881203025
    0.611661448   21.737428526   14.013587983
    0.615192212   21.793291492   14.525123890
    0.618722977   21.819972294    2.167758908
    0.622253741   21.810527239   -5.998468756
    0.625784505   21.773518821  -12.030600101
    0.629315270   21.733345257  -10.305106894
    0.632846034   21.709175384   -5.028113941
    0.636376799   21.700425401   -1.126263985
    0.639907563   21.685572886   -6.773826593
    0.643438327   21.668067307   -1.859156959
    0.646969092   21.670670111    4.041340169
    0.650499856   21.694662823    8.449572237
    0.654030621   21.734145404    6.452819165
    0.657561385   21.754708235    2.788683713
    0.661092149   21.734335951  -14.775224552
    0.664622914   21.665112982  -23.876990874
    0.668153678   21.597476589  -12.092461008
    0.671684442   21.593503827    7.577533866
    0.675215207   21.647669013   19.882997689
    0.678745971   21.718614728   13.742994650
    0.682276736   21.738787361   -1.764519816
    0.685807500   21.709831147  -13.899770112
    0.689338264   21.656247295  -13.129785437
    0.692869029   21.633948656    2.764646403
    0.696399793   21.656745503    9.630516638
    0.699930558   21.693079158    9.966775254
    0.703461322   21.721328371    1.666965298
    0.706992086   21.714635114   -2.700223088
    0.710522851   21.699594768   -2.559575910
    0.714053615   21.697102576    2.452284257
    0.717584379   21.713438270    5.955996044
    0.721115144   21.737855060    1.493223207
    0.724645908   21.743439087    1.988513415
    0.728176673   21.743878860   -1.664674509
    0.731707437   21.727226026   -4.675857752
    0.735238201   21.714877795   -1.668207128
    0.738768966   21.712813504    1.592342494
    0.742299730   21.725748641    5.656838485
    0.745830495   21.747869894    8.711493528
    0.749361259   21.771825082    5.274363162
    0.752892023   21.779039193    0.032572540
    0.756422788   21.769697227   -7.291922898
    0.759953552   21.742300254   -6.854860691
    0.763484317   21.735612881    0.158035632
    0.767015081   21.747728816    7.487619722
    0.770545845   21.777298112    7.813759353
    0.774076610   21.788500096   -3.781820357
    0.777607374   21.763985401  -11.412268334
    0.781138138   21.707489043  -16.274568025
    0.784668903   21.645626722  -13.447395286
    0.788199667   21.622001573    2.737967055
    0.791730432   21.647719249    5.650036928
    0.795261196   21.684264066   10.962918584
    0.798791960   21.685263951   -7.927885293
    0.802322725   21.622761546  -22.864013685
    0.805853489   21.548474932  -16.626843690
    0.809384254   21.522194900    2.976056265
    0.812915018   21.563142224   20.502149598
    0.816445782   21.660199624   33.597700807
    0.819976547   21.755187890   19.904817753
    0.823507311   21.773709128   -7.971686108
    0.827038076   21.714960684  -21.684014727
    0.830568840   21.647185157  -14.123056074
    0.834099604   21.618153513   -4.109520937
    0.837630369   21.621258638    1.663427825
    0.841161133   21.606430947  -10.121997896
    0.844691897   21.562524009  -14.279200154
    0.848222662   21.526054418   -1.743339902
    0.851753426   21.564911593   24.296685477
    0.855284191   21.660310959   29.389433748
    0.858814955   21.755973706   19.387147678
    0.862345719   21.776934389   -7.422630134
    0.865876484   21.736675437  -14.248359937
    0.869407248   21.693645249   -7.413100316
    0.872938013   21.695825584   10.369851771
    0.876468777   21.742376040   11.286524700
    0.879999541   21.752928875   -8.566081522
    0.883530306   21.697657937  -19.709111243
    0.887061070   21.653201631   -4.194085392
    0.890591835   21.668590873   15.273130472
    0.894122599   21.734478073   20.901238100
    0.897653363   21.790200192    8.863478182
    0.901184128   21.781229285  -14.060163107
    0.904714892   21.719116940  -17.535792622
    0.908245656   21.674830883   -5.073919786
    0.911776421   21.690093727   16.064649181
    0.915307185   21.771143900   26.090084354
    0.918837950   21.830622178   11.164005112
    0.922368714   21.842642367   -5.805290860
    0.925899478   21.798722194  -13.051657464
    0.929430243   21.765967228   -6.458741762
    0.932961007   21.759539540    3.561056862
    0.936491772   21.767256397   -0.379147904
    0.940022536   21.741196375  -17.702984363
    0.943553300   21.668806726  -18.667257198
    0.947084065   21.613494997  -13.193390550
    0.950614829   21.599190036    4.783244916
    0.954145594   21.643503014   19.333822724
    0.957676358   21.716766709   20.256773205
    0.961207122   21.774589152   11.223377030
    0.964737887   21.795527643    1.010613531
    0.968268651   21.778519587   -7.926454683
    0.971799415   21.742633155  -13.129943676
    0.975330180   21.697877662  -17.012709739
    0.978860944   21.652963843  -11.659020226
    0.982391709   21.614068125  -10.219494015
    0.985922473   21.579398062   -9.943671255
    0.989453237   21.536787735   -8.785343442
    0.992984002   21.522844315    0.768287115
    0.996514766   21.532883753    1.925306887
    1.000045531   21.551504247    8.741047915
    1.003576295   21.595579396   17.401051356
    1.007107059   21.661132203   16.269041996
    1.010637824   21.709185730    9.741557810
    1.014168588   21.727484465    2.764597843
    1.017699353   21.724973450   -5.546567689
    1.021230117   21.720883177    1.784480917
    1.024760881   21.732998870    2.677124950
    1.028291646   21.749656246    5.118739161
    1.031822410   21.757469831   -1.962580945
    1.035353174   21.728052022  -12.923909680
    1.038883939   21.678358121  -13.658268888
    1.042414703   21.646345173   -3.262962485
    1.045945468   21.655881075    3.047273900
    1.049476232   21.670869024    0.036914006
    1.053006996   21.638698400  -18.454544577
    1.056537761   21.559527227  -22.069048123
    1.060068525   21.517139420    1.270465133
    1.063599290   21.558557222   20.376574967
    1.067130054   21.616184197    8.001093337
    1.070660818   21.611380733  -12.837772644
    1.074191583   21.539367893  -21.684750874
    1.077722347   21.480258566   -8.269205171
    1.081253112   21.501646195   19.496567402
    1.084783876   21.593621398   31.412762205
    1.088314640   21.685462897   18.651176726
    1.091845405   21.719691657   -1.147489461
    1.095376169   21.690578635  -15.791577971
    1.098906933   21.647390136   -7.931962439
    1.102437698   21.634342562    1.297446741
    1.105968462   21.641286639   -0.764916543
    1.109499227   21.627859265  -10.662002813
    1.113029991   21.588416332   -9.363821379
    1.116560755   21.565719076   -4.771903321
    1.120091520   21.567636035    1.298567600
    1.123622284   21.569061993   -2.326758083
    1.127153049   21.561208106    0.974671848
    1.130683813   21.579160256   10.360552032
    1.134214577   21.634257877   18.111482925
    1.137745342   21.696848815   15.402153435
    1.141276106   21.715714519   -5.269865607
    1.144806871   21.663965208  -18.215595966
    1.148337635   21.603814630  -14.978965666
    1.151868399   21.569251010   -5.291950467
    1.155399164   21.580754795   12.194944107
    1.158929928   21.618314965   12.349916667
    1.162460692   21.651788223    3.803303795
    1.165991457   21.645579540   -8.293299950
    1.169522221   21.615450521   -7.666013883
    1.173052986   21.591910753   -3.331961337
    1.176583750   21.588204338   -2.192560852
    1.180114514   21.584680195   -1.727408568
    1.183645279   21.587176398    2.446237886
    1.187176043   21.593522830    2.842756019
    1.190706808   21.603191356   -0.069792017
    1.194237572   21.611964534    2.999970409
    1.197768336   21.619525441    1.113357863
    1.201299101   21.616433639    0.945721314
    1.204829865   21.622236087    1.163142531
    1.208360629   21.628705313    1.913794011
    1.211891394   21.625104430   -3.798704797
    1.215422158   21.596003518   -9.578952262
    1.218952923   21.556801927  -14.753905458
    1.222483687   21.506714402  -10.542405822
    1.226014451   21.505117450    4.524663914
    1.229545216   21.545738411   20.546497738
    1.233075980   21.620873694   21.376627027
    1.236606745   21.678752925   11.695153082
    1.240137509   21.680116798   -7.650366278
    1.243668273   21.639772463  -10.865807363
    1.247199038   21.611171001   -5.164198883
    1.250729802   21.610233386    3.157072416
    1.254260567   21.634943433    7.437130341
    1.257791331   21.650175615    5.438447434
    1.261322095   21.671686825    4.314037358
    1.264852860   21.696675699   10.037116665
    1.268383624   21.721095509    2.845688448
    1.271914388   21.732749738    1.634345506
    1.275445153   21.733990494   -1.028115788
    1.278975917   21.736406502    0.007125031
    1.282506682   21.729644682   -2.579295361
    1.286037446   21.706743609   -7.811042383
    1.289568210   21.678050537   -6.683931150
    1.293098975   21.653582804   -4.925602783
    1.296629739   21.643580708   -2.733637041
    1.300160504   21.644687579    5.260507453
    1.303691268   21.660303970    2.268953997
    1.307222032   21.663718307   -3.313280223
    1.310752797   21.628460725  -12.925015025
    1.314283561   21.578403086  -11.747177425
    1.317814326   21.553008760   -1.280651544
    1.321345090   21.572984741   13.586251905
    1.324875854   21.624718787   15.310170679
    1.328406619   21.657099846    2.035752142
    1.331937383   21.632533171  -17.999166908
    1.335468147   21.574456390  -13.794051733
    1.338998912   21.543739450   -1.356797880
    1.342529676   21.571939622   12.508827465
    1.346060441   21.629540460   16.161551840
    1.349591205   21.649545974   -5.005938464
    1.353121969   21.604324330  -17.311641008
    1.356652734   21.564992009   -3.155804603
    1.360183498   21.611986096   27.101516697
    1.363714263   21.720748253   33.356810680
    1.367245027   21.818513501   17.935531006
    1.370775791   21.824707084  -14.452090710
    1.374306556   21.737916340  -27.244900490
    1.377837320   21.679723271   -5.973708995
    1.381368085   21.719374111   28.209496177
    1.384898849   21.821885780   23.764970837
    1.388429613   21.857974139   -5.826148112
    1.391960378   21.773491691  -35.039197412
    1.395491142   21.638510865  -32.562920467
    1.399021906   21.564947350  -10.760351732
    1.402552671   21.581719756   11.746366479
    1.406083435   21.622146794    5.696003537
    1.409614200   21.606906395  -16.053963069
    1.413144964   21.541896275  -19.122173000
    1.416675728   21.505758108    1.023637398
    1.420206493   21.540209665   20.080354836
    1.423737257   21.635806641   28.463160960
    1.427268022   21.710009459    9.536638662
    1.430798786   21.692567007  -18.266416184
    1.434329550   21.611847086  -21.011159837
    1.437860315   21.591009931   11.570367728
    1.441391079   21.662933248   28.326093434
    1.444921844   21.769653890   24.048921249
    1.448452608   21.794265941   -9.661347895
    1.451983372   21.715983815  -31.229422257
    1.455514137   21.597436637  -29.676633156
    1.459044901   21.539596003   -2.341170605
    1.462575665   21.554823334   11.838014916
    1.466106430   21.592896379    7.152947729
    1.469637194   21.572689528  -16.394638324
    1.473167959   21.508355852  -20.573827410
    1.476698723   21.465283385   -0.466416268
    1.480229487   21.504595882   20.308301691
    1.483760252   21.605205478   29.442086844
    1.487291016   21.681774085   12.289761954
    1.490821781   21.689603443  -10.252755106
    1.494352545   21.644167654  -11.440854484
    1.497883309   21.625931957    8.551950540
    1.501414074   21.726621139   55.078213565
    1.504944838   22.053178300  131.732238578
    1.508475603   22.697018493  234.790323586
    1.512006367   23.703130417  339.668112860
    1.515537131   25.090611818  442.580092023
    1.519067896   26.826653257  542.730537746
    1.522598660   28.921972467  644.497570173
    1.526129424   31.385396880  753.900500293
    1.529660189   34.252329993  868.067692731
    1.533190953   37.495734065  971.026969383
    1.536721718   41.100246479 1069.078167928
    1.540252482   45.018863371 1156.127438973
    1.543783246   49.275229752 1254.700804047
    1.547314011   53.902050378 1364.906752310
    1.550844775   58.926705892 1481.726840919
    1.554375540   64.352158758 1589.154428561
    1.557906304   70.137315827 1686.267878625
    1.561437068   76.244900718 1770.120489482
    1.564967833   82.654961086 1863.057377313
    1.568498597   89.414584913 1970.518559921
    1.572029362   96.588683705 2094.292796115
    1.575560126  104.219195090 2223.496356513
    1.579090890  112.267695977 2330.880451005
    1.582621655  120.664066631 2423.475160738
    1.586152419  129.370480184 2510.628753610
    1.589683183  138.381932590 2600.011467315
    1.593213948  147.744301159 2701.021955990
    1.596744712  157.431281114 2782.318095623
    1.600275477  167.359108290 2836.839593522
    1.603806241  177.437769120 2874.787917439
    1.607337005  187.701376174 2945.802415113
    1.610867770  198.316647629 3083.353842010
    1.614398534  209.578941811 3308.911894762
    1.617929299  221.753650148 3592.624820494
    1.621460063  234.942613974 3867.667653378
    1.624990827  248.913607330 4016.763437773
    1.628521592  263.035562216 3936.301814056
    1.632052356  276.375013415 3570.879845437
    1.635583121  287.965140675 2960.640042068
    1.639113885  297.128524910 2221.499235650
    1.642644649  303.668040360 1496.415185118
    1.646175414  307.860107527  903.415542237
    1.649706178  310.261135472  486.776691666
    1.653236942  311.490913864  233.533635252
    1.656767707  312.046836117   96.896280031
    1.660298471  312.255802758   32.594522401
    1.663829236  312.322818843    8.117575709
    1.667360000  312.336895733    1.078836372
